##FastQC	0.11.2
>>Basic Statistics	pass
#Measure	Value
Filename	SRR029695.fastq
File type	Conventional base calls
Encoding	Sanger / Illumina 1.9
Total Sequences	519072
Sequences flagged as poor quality	0
Sequence length	33-360
%GC	44
>>END_MODULE
>>Per base sequence quality	fail
#Base	Mean	Median	Lower Quartile	Upper Quartile	10th Percentile	90th Percentile
1	29.898264595277727	29.0	27.0	29.0	26.0	38.0
2	29.26756403735898	29.0	27.0	29.0	23.0	39.0
3	29.37323531224955	29.0	27.0	30.0	23.0	39.0
4	29.1114527464398	28.0	27.0	29.0	23.0	39.0
5	29.07650191110289	28.0	27.0	31.0	22.0	39.0
6	28.955379985820848	28.0	27.0	30.0	22.0	39.0
7	28.93553880771839	28.0	27.0	31.0	22.0	39.0
8	28.868877535293755	28.0	27.0	29.0	22.0	39.0
9	28.85503552493681	28.0	27.0	29.0	22.0	39.0
10-19	28.910953393748844	28.0	27.0	29.0	22.0	39.0
20-29	28.965100987916895	28.0	27.0	29.0	22.0	39.0
30-39	29.016396269977253	28.0	27.0	29.1	22.0	39.0
40-49	29.04052068723944	28.0	27.0	29.0	22.0	39.0
50-59	29.02132090171616	28.0	27.0	29.1	22.0	39.0
60-69	28.828020719609448	28.0	27.0	29.0	22.0	38.5
70-79	28.5019733258815	28.0	26.6	29.0	22.0	37.4
80-89	28.192149019013083	28.0	26.0	29.0	22.0	36.2
90-99	28.039349285972424	28.0	26.0	28.9	22.0	36.0
100-109	28.005002718482398	28.0	26.0	28.0	22.0	36.0
110-119	27.98814922386532	28.0	26.0	28.0	22.0	36.0
120-129	27.97011105877627	28.0	26.0	28.0	22.0	36.0
130-139	27.94648822519584	28.0	26.0	28.0	22.0	36.0
140-149	27.90800501109795	28.0	26.0	28.0	22.0	36.0
150-159	27.854307444528537	28.0	26.0	28.0	21.3	36.0
160-169	27.792534711449612	28.0	26.0	28.0	21.0	36.0
170-179	27.718254508650425	28.0	26.0	28.0	21.0	36.0
180-189	27.62995427605186	28.0	26.0	28.0	21.0	36.0
190-199	27.52984953396267	28.0	26.0	28.0	20.0	36.0
200-209	27.42602681902892	28.0	25.3	28.0	20.0	36.0
210-219	27.313536663866238	28.0	25.0	28.0	19.6	36.0
220-229	27.185782488271677	28.0	25.0	28.0	19.0	36.0
230-239	27.047301435487135	27.8	24.6	28.0	18.3	36.0
240-249	26.908907656692072	27.0	24.0	28.0	17.9	36.0
250-259	26.753429766343498	27.0	24.0	28.0	17.1	36.0
260-269	26.599879433928344	27.0	24.0	28.0	17.0	36.0
270-279	26.398318364791503	27.0	23.1	28.1	16.3	36.0
280-289	26.25930246900638	27.0	23.0	29.1	15.8	36.0
290-299	25.96524062325983	27.0	22.4	28.8	14.7	36.0
300-309	25.751453443877562	27.0	21.7	29.5	13.5	36.0
310-319	25.60618009532224	26.8	21.0	30.5	12.2	36.1
320-329	25.414843967638383	27.0	20.5	28.0	12.5	36.0
330-339	25.938583807897874	0.0	0.0	0.0	0.0	0.0
340-349	23.62670634920635	0.0	0.0	0.0	0.0	0.0
350-359	25.55	0.0	0.0	0.0	0.0	0.0
360	24.0	0.0	0.0	0.0	0.0	0.0
>>END_MODULE
>>Per sequence quality scores	pass
#Quality	Count
21	1.0
22	8.0
23	95.0
24	606.0
25	3646.0
26	22887.0
27	132941.0
28	245848.0
29	102807.0
30	10184.0
31	48.0
32	1.0
>>END_MODULE
>>Per base sequence content	fail
#Base	G	A	T	C
1	28.371593921459837	20.81329757721472	31.24056007644412	19.57454842488133
2	25.742864188397757	29.80395783243943	24.421660193576226	20.031517785586587
3	18.47797608038962	26.99394303680414	28.92334782072622	25.604733062080022
4	20.822352197768325	28.526293076875653	29.087679551199063	21.563675174156955
5	22.49456722766784	25.438474816595768	29.49398156710437	22.57297638863202
6	21.940116207385486	27.200658097527896	27.827738733740215	23.031486961346403
7	21.751510387768942	27.686717834905373	28.624737993958448	21.93703378336724
8	21.876926515011405	27.201621355033602	28.000354478762095	22.9210976511929
9	21.981728931631835	27.193337340484558	27.780346464459647	23.044587263423956
10-19	22.40186332531903	27.43122341409284	27.38544941742186	22.781463843166268
20-29	22.54667945872634	27.471583903581774	27.297234295049627	22.684502342642254
30-39	22.538501595856687	27.521442969628534	27.331716445155298	22.608338989359478
40-49	22.512989842942964	27.65989561741977	27.45596208908177	22.371152450555492
50-59	22.54674660664663	27.734487797708784	27.43515099471585	22.28361460092874
60-69	22.5225762000232	27.78238024276929	27.45687645244393	22.238167104763583
70-79	22.52415552491466	27.739364395296274	27.48883354966822	22.247646530120843
80-89	22.51585195796861	27.687707847236997	27.465388678623583	22.33105151617081
90-99	22.527172814311516	27.5866234617038	27.52890053324873	22.35730319073595
100-109	22.54108563154248	27.673366636102248	27.423388418436566	22.362159313918703
110-119	22.564625073848124	27.576455685837942	27.4379099604616	22.421009279852335
120-129	22.549608867722238	27.54428496161437	27.454567022471387	22.45153914819201
130-139	22.549623832998062	27.528704379158654	27.452159368068912	22.469512419774375
140-149	22.531356947453737	27.53957860480743	27.38952262887034	22.53954181886849
150-159	22.5580768230434	27.516231512670075	27.401793165292567	22.523898498993958
160-169	22.49372665402447	27.535757738903538	27.431612866256128	22.53890274081586
170-179	22.559847148326092	27.52550433381913	27.366516278842735	22.54813223901204
180-189	22.55471141852818	27.498875229069203	27.403480022970932	22.542933329431687
190-199	22.54717351222	27.575861068997053	27.342253052019128	22.534712366763817
200-209	22.565951878299423	27.471697776030453	27.328450385716035	22.63389995995409
210-219	22.490573058526	27.560158273101145	27.37765528222413	22.571613386148723
220-229	22.556124230204396	27.55631504481316	27.401496080762165	22.48606464422027
230-239	22.453875948616588	27.803631827018076	27.514176069959305	22.22831615440603
240-249	22.323225420450218	28.386717970960728	27.733815508159367	21.55624110042969
250-259	21.897560668666234	29.217232627891853	28.264467143486378	20.620739559955535
260-269	21.436564382910227	30.30073726579498	28.976791318114998	19.285907033179793
270-279	20.79372779897382	31.699365215103274	29.37689119852651	18.130015787396395
280-289	20.153651637236415	32.83794788273616	30.073504200240013	16.934896279787417
290-299	20.186928411108507	33.78446283206593	30.009044923118154	16.019563833707416
300-309	19.72934472934473	34.211775878442545	30.73361823361823	15.325261158594492
310-319	19.742489270386265	34.377682403433475	30.858369098712444	15.021459227467812
320-329	18.372379778051787	35.26510480887793	31.812577065351416	14.549938347718866
330-339	24.302788844621514	36.65338645418327	25.099601593625497	13.94422310756972
340-349	17.391304347826086	44.565217391304344	26.08695652173913	11.956521739130435
350-359	20.833333333333336	45.83333333333333	25.0	8.333333333333332
360	100.0	0.0	0.0	0.0
>>END_MODULE
>>Per sequence GC content	pass
#GC Content	Count
0	0.0
1	0.0
2	0.0
3	0.0
4	0.0
5	0.0
6	0.0
7	0.0
8	0.0
9	2.0
10	3.5
11	4.5
12	6.5
13	13.5
14	30.5
15	48.74999999999999
16	74.66666666666667
17	133.83333333333331
18	204.91666666666688
19	307.4999999999998
20	485.08333333333235
21	749.9166666666697
22	1064.0833333333376
23	1404.0833333333196
24	1912.1666666666365
25	2549.9166666667206
26	3263.583333333444
27	4040.6666666668043
28	4949.583333333151
29	5884.833333332914
30	6809.499999999449
31	7818.583333332717
32	8933.74999999989
33	10032.583333334238
34	10914.4166666682
35	11873.66666666857
36	12980.666666669043
37	13973.916666669224
38	14879.583333335991
39	15552.916666669451
40	16254.250000002992
41	16933.333333335933
42	17350.08333333515
43	17642.166666667912
44	17684.750000001135
45	17339.916666668414
46	16876.250000002467
47	15990.583333335775
48	15090.416666668954
49	14084.500000002054
50	13268.500000001843
51	12365.166666668276
52	11377.166666667928
53	10557.666666667768
54	9783.91666666729
55	9189.583333333449
56	8537.083333332794
57	8009.499999999321
58	7440.416666666015
59	7054.749999999337
60	6634.916666666024
61	6139.33333333278
62	5656.416666666199
63	5195.8333333330265
64	4653.833333333304
65	4036.083333333554
66	3392.500000000182
67	2764.583333333438
68	2279.416666666658
69	1815.2499999999602
70	1436.2499999999764
71	1042.4166666666763
72	740.0833333333387
73	547.1666666666662
74	389.1666666666658
75	256.41666666666686
76	182.91666666666674
77	130.49999999999997
78	89.16666666666666
79	58.0
80	35.666666666666664
81	18.0
82	10.0
83	8.0
84	5.5
85	3.0
86	2.0
87	0.5
88	0.0
89	0.0
90	0.0
91	0.0
92	0.0
93	0.0
94	0.0
95	0.0
96	0.0
97	0.0
98	0.0
99	0.0
100	0.0
>>END_MODULE
>>Per base N content	pass
#Base	N-Count
1	0.0
2	0.0
3	0.0
4	0.0
5	0.0
6	0.0
7	0.0
8	0.0
9	0.0
10-19	0.0
20-29	0.0
30-39	0.0
40-49	0.0
50-59	0.0
60-69	0.0
70-79	0.0
80-89	0.0
90-99	0.0
100-109	0.0
110-119	0.0
120-129	0.0
130-139	0.0
140-149	0.0
150-159	0.0
160-169	0.0
170-179	0.0
180-189	0.0
190-199	0.0
200-209	0.0
210-219	0.0
220-229	0.0
230-239	0.0
240-249	0.0
250-259	0.0
260-269	0.0
270-279	0.0
280-289	0.0
290-299	0.0
300-309	0.0
310-319	0.0
320-329	0.0
330-339	0.0
340-349	0.0
350-359	0.0
360	0.0
>>END_MODULE
>>Sequence Length Distribution	warn
#Length	Count
30-39	90.0
40-49	6465.0
50-59	25451.0
60-69	29966.0
70-79	25117.0
80-89	20668.0
90-99	17902.0
100-109	17198.0
110-119	16243.0
120-129	14717.0
130-139	13214.0
140-149	12888.0
150-159	13003.0
160-169	13271.0
170-179	13417.0
180-189	13465.0
190-199	13439.0
200-209	14321.0
210-219	16527.0
220-229	22731.0
230-239	34949.0
240-249	46969.0
250-259	46876.0
260-269	35596.0
270-279	20424.0
280-289	9301.0
290-299	3460.0
300-309	1035.0
310-319	250.0
320-329	78.0
330-339	26.0
340-349	11.0
350-359	3.0
360-361	1.0
>>END_MODULE
>>Sequence Duplication Levels	pass
#Total Deduplicated Percentage	97.80618239958518
#Duplication Level	Percentage of deduplicated	Percentage of total
1	97.82419432925145	95.67810993659235
2	2.1183984409947354	4.143849286298559
3	0.04759464189585188	0.13965150679525884
4	0.009812587857942581	0.038389270313835475
5	0.0	0.0
6	0.0	0.0
7	0.0	0.0
8	0.0	0.0
9	0.0	0.0
>10	0.0	0.0
>50	0.0	0.0
>100	0.0	0.0
>500	0.0	0.0
>1k	0.0	0.0
>5k	0.0	0.0
>10k+	0.0	0.0
>>END_MODULE
>>Overrepresented sequences	pass
>>END_MODULE
>>Adapter Content	pass
#Position	Illumina Universal Adapter	Illumina Small RNA Adapter	Nextera Transposase Sequence
1	0.0	0.0	0.0
2	0.0	0.0	0.0
3	0.0	0.0	0.0
4	0.0	0.0	0.0
5	0.0	0.0	0.0
6	0.0	0.0	1.926515011404969E-4
7	0.0	0.0	1.926515011404969E-4
8	0.0	0.0	1.926515011404969E-4
9	0.0	0.0	1.926515011404969E-4
10-19	3.853030022809938E-5	0.0	3.8530300228099384E-4
20-29	6.164848036495901E-4	0.0	3.8530300228099384E-4
30-39	7.706060045619877E-4	0.0	3.8530300228099384E-4
40-49	7.706060045619877E-4	0.0	5.008939029652918E-4
50-59	7.706060045619877E-4	0.0	5.779545034214907E-4
60-69	7.706060045619877E-4	0.0	5.779545034214907E-4
70-79	7.706060045619877E-4	0.0	5.779545034214907E-4
80-89	7.706060045619877E-4	0.0	5.779545034214907E-4
90-99	9.632575057024844E-4	0.0	5.779545034214907E-4
100-109	0.0011559090068429814	0.0	5.779545034214907E-4
110-119	0.0011559090068429814	0.0	6.742802539917393E-4
120-129	0.0012522347574132299	0.0	7.898711546760372E-4
130-139	0.0013485605079834784	0.0	9.632575057024844E-4
140-149	0.0013485605079834784	1.5412120091239752E-4	9.632575057024844E-4
150-159	0.0013485605079834784	1.9265150114049692E-4	0.0010210529560446334
160-169	0.0013485605079834784	3.275075519388448E-4	0.0011559090068429814
170-179	0.0013485605079834784	3.8530300228099384E-4	0.0011559090068429814
180-189	0.0013485605079834784	3.8530300228099384E-4	0.0011559090068429814
190-199	0.0013485605079834784	4.045681523950435E-4	0.0011944393070710809
200-209	0.0013485605079834784	5.779545034214907E-4	0.0013485605079834784
210-219	0.0013485605079834784	5.779545034214907E-4	0.0013485605079834784
220-229	0.001444886258553727	5.779545034214907E-4	0.0013485605079834784
230-239	0.0015412120091239754	5.779545034214907E-4	0.0013485605079834784
240-249	0.0015412120091239754	5.779545034214907E-4	0.0013485605079834784
250-259	0.0015412120091239754	5.779545034214907E-4	0.0013485605079834784
260-269	0.0015412120091239754	5.779545034214907E-4	0.0013485605079834784
270-279	0.0015412120091239754	5.779545034214907E-4	0.0013485605079834784
280-289	0.0015412120091239754	5.779545034214907E-4	0.0013485605079834784
290-299	0.0015412120091239754	5.779545034214907E-4	0.0013485605079834784
300-309	0.0015412120091239754	5.779545034214907E-4	0.0013485605079834784
310-319	0.0015412120091239754	5.779545034214907E-4	0.0013485605079834784
320-329	0.0015412120091239754	5.779545034214907E-4	0.0013485605079834784
330-339	0.0015412120091239754	5.779545034214907E-4	0.0013485605079834784
340-348	0.0015412120091239752	5.779545034214907E-4	0.0013485605079834784
>>END_MODULE
>>Kmer Content	warn
#Sequence	Count	PValue	Obs/Exp Max	Max Obs/Exp Position
ACGCAAG	270	9.029805E-5	8248.551	310-314
TAATGCG	285	1.0060964E-4	7814.4165	310-314
CTTATAG	295	1.0779367E-4	7549.521	310-314
CAAGTAG	165	3.0910032E-4	4908.2285	310-314
TGTCTAG	25	3.774944E-4	4627.7583	290-294
CGCAAGT	340	5.0111685E-4	3743.0398	310-314
GTGGATA	620	4.7611448E-4	3592.111	305-309
AAGGGTA	295	6.466906E-4	3355.3425	300-304
GCGTTAA	235	7.5235084E-4	3159.0195	310-314
AATGCGT	410	7.286811E-4	3103.9844	310-314
ATAAGCT	760	7.153953E-4	2930.4062	305-309
GTTAAGA	360	9.630364E-4	2749.517	300-304
CTTTAGC	360	9.630364E-4	2749.517	300-304
AGGTTTT	815	8.226794E-4	2732.6487	305-309
TTTAACG	365	9.899706E-4	2711.8523	300-304
GCAAGTA	400	0.0011889089	2474.5652	310-314
TGCGTTA	330	0.0012362639	2454.1143	310-314
GTTTTAG	450	0.0015046734	2199.6138	300-304
TTAGCCG	170	0.0016462754	2183.44	300-304
TTAACGG	240	0.0016168194	2183.44	300-304
>>END_MODULE
